$\Delta E_{o}/|E_{o}^{(t=0)}|$
0.000000, 1.000000 
2.000000, 3.000000 
4.000000, 5.000000 
6.000000, 7.000000 
8.000000, 9.000000 
10.000000, 11.000000 
12.000000, 13.000000 
14.000000, 15.000000 
16.000000, 17.000000 
18.000000, 19.000000 
20.000000, 21.000000 
22.000000, 23.000000 
24.000000, 25.000000 
26.000000, 27.000000 
28.000000, 29.000000 
30.000000, 31.000000 
32.000000, 33.000000 
34.000000, 35.000000 
36.000000, 37.000000 
38.000000, 39.000000 
40.000000, 41.000000 
42.000000, 43.000000 
44.000000, 45.000000 
46.000000, 47.000000 
48.000000, 49.000000 
50.000000, 51.000000 
52.000000, 53.000000 
54.000000, 55.000000 
56.000000, 57.000000 
58.000000, 59.000000 
60.000000, 61.000000 
62.000000, 63.000000 
64.000000, 65.000000 
66.000000, 67.000000 
68.000000, 69.000000 
70.000000, 71.000000 
72.000000, 73.000000 
74.000000, 75.000000 
76.000000, 77.000000 
78.000000, 79.000000 
80.000000, 81.000000 
82.000000, 83.000000 
84.000000, 85.000000 
86.000000, 87.000000 
88.000000, 89.000000 
90.000000, 91.000000 
92.000000, 93.000000 
94.000000, 95.000000 
96.000000, 97.000000 
98.000000, 99.000000 
100.000000, 101.000000 
102.000000, 103.000000 
104.000000, 105.000000 
106.000000, 107.000000 
108.000000, 109.000000 
110.000000, 111.000000 
112.000000, 113.000000 
114.000000, 115.000000 
116.000000, 117.000000 
118.000000, 119.000000 
120.000000, 121.000000 
122.000000, 123.000000 
124.000000, 125.000000 
126.000000, 127.000000 
128.000000, 129.000000 
130.000000, 131.000000 
132.000000, 133.000000 
134.000000, 135.000000 
136.000000, 137.000000 
138.000000, 139.000000 
140.000000, 141.000000 
142.000000, 143.000000 
144.000000, 145.000000 
146.000000, 147.000000 
148.000000, 149.000000 
150.000000, 151.000000 
152.000000, 153.000000 
154.000000, 155.000000 
156.000000, 157.000000 
158.000000, 159.000000 
160.000000, 161.000000 
162.000000, 163.000000 
164.000000, 165.000000 
166.000000, 167.000000 
168.000000, 169.000000 
170.000000, 171.000000 
172.000000, 173.000000 
174.000000, 175.000000 
176.000000, 177.000000 
178.000000, 179.000000 
180.000000, 181.000000 
182.000000, 183.000000 
184.000000, 185.000000 
186.000000, 187.000000 
188.000000, 189.000000 
190.000000, 191.000000 
192.000000, 193.000000 
194.000000, 195.000000 
196.000000, 197.000000 
198.000000, 199.000000 
0.037061, 0.187698 
-0.191858, -0.226334 
-0.238189, 0.023160 
0.122349, 0.187907 
0.157962, 0.021988 
-0.080702, -0.062878 
0.006886, -0.006844 
-0.075236, 0.073170 
0.043756, 0.068108 
0.190594, -0.206147 
-0.024370, -0.197322 
-0.019165, -0.202654 
-0.058393, 0.007338 
0.118796, -0.043063 
-0.055219, -0.041739 
0.033618, 0.083759 
-0.115784, 0.113525 
-0.138925, -0.000010 
0.178899, 0.187442 
-0.211099, 0.186392 
-0.126532, -0.173838 
0.108867, -0.060568 
-0.058441, 0.001767 
0.045764, -0.045287 
0.090705, -0.076048 
-0.153340, 0.073504 
0.075157, -0.123645 
-0.109376, 0.227709 
0.258003, 0.035432 
0.053576, 0.036534 
0.010095, 0.038997 
-0.046951, 0.045266 
0.050626, -0.056583 
0.029925, -0.120707 
0.032660, -0.033397 
0.200795, -0.247905 
-0.250345, -0.205584 
0.233457, -0.243946 
0.098417, -0.121752 
-0.084430, -0.016251 
0.069198, 0.023775 
0.013884, -0.026116 
-0.065634, -0.018790 
-0.040321, 0.178850 
-0.219009, -0.056697 
-0.123680, -0.285870 
-0.001777, 0.193574 
-0.244370, 0.180216 
0.122458, 0.088391 
-0.037404, -0.039556 
0.034367, -0.031855 
-0.000591, 0.041789 
0.054607, -0.077497 
-0.072547, 0.023452 
0.005955, 0.245682 
0.220097, 0.225177 
0.257042, -0.264518 
-0.254014, -0.146077 
0.191709, 0.150050 
0.094819, 0.065776 
0.062579, -0.028736 
0.014556, -0.016268 
0.014053, -0.030649 
0.071956, -0.062582 
-0.014503, -0.179894 
-0.177645, -0.243775 
-0.144144, -0.255454 
0.204233, -0.184736 
-0.001094, 0.108265 
0.031437, 0.078642 
0.050360, 0.028396 
0.038147, 0.012289 
0.022663, 0.032303 
0.028014, 0.083262 
-0.082557, -0.017456 
0.156399, -0.158445 
-0.051436, 0.210219 
-0.233048, 0.080800 
0.145842, 0.176855 
-0.164469, -0.137495 
0.077141, -0.075347 
0.056319, 0.030248 
-0.031989, -0.018785 
-0.003091, 0.005147 
-0.004287, -0.024656 
-0.043086, 0.013855 
0.088455, 0.110509 
-0.144547, 0.015475 
0.202459, 0.174352 
-0.197486, -0.146593 
-0.179973, 0.196945 
-0.104854, -0.168511 
0.113771, 0.095059 
-0.041962, -0.016219 
-0.001667, -0.018196 
-0.038703, 0.032860 
-0.035322, 0.043495 
0.052176, 0.027839 
0.007776, 0.041448 
-0.036759, 0.055189 

relative inclination $/\pi$
0.000000, 1.000000 
2.000000, 3.000000 
4.000000, 5.000000 
6.000000, 7.000000 
8.000000, 9.000000 
10.000000, 11.000000 
12.000000, 13.000000 
14.000000, 15.000000 
16.000000, 17.000000 
18.000000, 19.000000 
20.000000, 21.000000 
22.000000, 23.000000 
24.000000, 25.000000 
26.000000, 27.000000 
28.000000, 29.000000 
30.000000, 31.000000 
32.000000, 33.000000 
34.000000, 35.000000 
36.000000, 37.000000 
38.000000, 39.000000 
40.000000, 41.000000 
42.000000, 43.000000 
44.000000, 45.000000 
46.000000, 47.000000 
48.000000, 49.000000 
50.000000, 51.000000 
52.000000, 53.000000 
54.000000, 55.000000 
56.000000, 57.000000 
58.000000, 59.000000 
60.000000, 61.000000 
62.000000, 63.000000 
64.000000, 65.000000 
66.000000, 67.000000 
68.000000, 69.000000 
70.000000, 71.000000 
72.000000, 73.000000 
74.000000, 75.000000 
76.000000, 77.000000 
78.000000, 79.000000 
80.000000, 81.000000 
82.000000, 83.000000 
84.000000, 85.000000 
86.000000, 87.000000 
88.000000, 89.000000 
90.000000, 91.000000 
92.000000, 93.000000 
94.000000, 95.000000 
96.000000, 97.000000 
98.000000, 99.000000 
100.000000, 101.000000 
102.000000, 103.000000 
104.000000, 105.000000 
106.000000, 107.000000 
108.000000, 109.000000 
110.000000, 111.000000 
112.000000, 113.000000 
114.000000, 115.000000 
116.000000, 117.000000 
118.000000, 119.000000 
120.000000, 121.000000 
122.000000, 123.000000 
124.000000, 125.000000 
126.000000, 127.000000 
128.000000, 129.000000 
130.000000, 131.000000 
132.000000, 133.000000 
134.000000, 135.000000 
136.000000, 137.000000 
138.000000, 139.000000 
140.000000, 141.000000 
142.000000, 143.000000 
144.000000, 145.000000 
146.000000, 147.000000 
148.000000, 149.000000 
150.000000, 151.000000 
152.000000, 153.000000 
154.000000, 155.000000 
156.000000, 157.000000 
158.000000, 159.000000 
160.000000, 161.000000 
162.000000, 163.000000 
164.000000, 165.000000 
166.000000, 167.000000 
168.000000, 169.000000 
170.000000, 171.000000 
172.000000, 173.000000 
174.000000, 175.000000 
176.000000, 177.000000 
178.000000, 179.000000 
180.000000, 181.000000 
182.000000, 183.000000 
184.000000, 185.000000 
186.000000, 187.000000 
188.000000, 189.000000 
190.000000, 191.000000 
192.000000, 193.000000 
194.000000, 195.000000 
196.000000, 197.000000 
198.000000, 199.000000 
0.458366, 0.449458 
0.436245, 0.402003 
0.333574, 0.246828 
0.324743, 0.396712 
0.432220, 0.451294 
0.461049, 0.464405 
0.465861, 0.466348 
0.465351, 0.461706 
0.457278, 0.448668 
0.433934, 0.408659 
0.344377, 0.250457 
0.307874, 0.384257 
0.419827, 0.439256 
0.450870, 0.459036 
0.462017, 0.462870 
0.462346, 0.460838 
0.458100, 0.448899 
0.438293, 0.412950 
0.369036, 0.284369 
0.271460, 0.363035 
0.417906, 0.439880 
0.451206, 0.460593 
0.464178, 0.465738 
0.466474, 0.466524 
0.463783, 0.461352 
0.453885, 0.439321 
0.420017, 0.373405 
0.284405, 0.250587 
0.354702, 0.416284 
0.444814, 0.459117 
0.468264, 0.473292 
0.476121, 0.477080 
0.477741, 0.477509 
0.475392, 0.471952 
0.464636, 0.456191 
0.440084, 0.412109 
0.335389, 0.233316 
0.329303, 0.401168 
0.430228, 0.448324 
0.457092, 0.460886 
0.464246, 0.466812 
0.467573, 0.467609 
0.466738, 0.464497 
0.461186, 0.455087 
0.448468, 0.427605 
0.395852, 0.320602 
0.232093, 0.326324 
0.398816, 0.423959 
0.443513, 0.454211 
0.459489, 0.461898 
0.462335, 0.463179 
0.463016, 0.462743 
0.462523, 0.461797 
0.458337, 0.453407 
0.446208, 0.433647 
0.414224, 0.370952 
0.284047, 0.254595 
0.356143, 0.406295 
0.433139, 0.450945 
0.460982, 0.466481 
0.470392, 0.472539 
0.472639, 0.473133 
0.472853, 0.472344 
0.470790, 0.469624 
0.465255, 0.458863 
0.445128, 0.421115 
0.373051, 0.283167 
0.246731, 0.351546 
0.403234, 0.430896 
0.446483, 0.453140 
0.458519, 0.461056 
0.462847, 0.463873 
0.464002, 0.463965 
0.463583, 0.462540 
0.461249, 0.456133 
0.449127, 0.439976 
0.415939, 0.372888 
0.286666, 0.242016 
0.351060, 0.409703 
0.438501, 0.448982 
0.454539, 0.460237 
0.461457, 0.463685 
0.464740, 0.464688 
0.464603, 0.464484 
0.464357, 0.463953 
0.463103, 0.461699 
0.460424, 0.459051 
0.456225, 0.446620 
0.433706, 0.412989 
0.367988, 0.261852 
0.260540, 0.357298 
0.410759, 0.433222 
0.444334, 0.453583 
0.459323, 0.461251 
0.462416, 0.463136 
0.463240, 0.462851 
0.463329, 0.462724 
0.463028, 0.463116 
0.462501, 0.460965 
0.458192, 0.452469 

$e_{i}$
0.000000, 1.000000 
2.000000, 3.000000 
4.000000, 5.000000 
6.000000, 7.000000 
8.000000, 9.000000 
10.000000, 11.000000 
12.000000, 13.000000 
14.000000, 15.000000 
16.000000, 17.000000 
18.000000, 19.000000 
20.000000, 21.000000 
22.000000, 23.000000 
24.000000, 25.000000 
26.000000, 27.000000 
28.000000, 29.000000 
30.000000, 31.000000 
32.000000, 33.000000 
34.000000, 35.000000 
36.000000, 37.000000 
38.000000, 39.000000 
40.000000, 41.000000 
42.000000, 43.000000 
44.000000, 45.000000 
46.000000, 47.000000 
48.000000, 49.000000 
50.000000, 51.000000 
52.000000, 53.000000 
54.000000, 55.000000 
56.000000, 57.000000 
58.000000, 59.000000 
60.000000, 61.000000 
62.000000, 63.000000 
64.000000, 65.000000 
66.000000, 67.000000 
68.000000, 69.000000 
70.000000, 71.000000 
72.000000, 73.000000 
74.000000, 75.000000 
76.000000, 77.000000 
78.000000, 79.000000 
80.000000, 81.000000 
82.000000, 83.000000 
84.000000, 85.000000 
86.000000, 87.000000 
88.000000, 89.000000 
90.000000, 91.000000 
92.000000, 93.000000 
94.000000, 95.000000 
96.000000, 97.000000 
98.000000, 99.000000 
100.000000, 101.000000 
102.000000, 103.000000 
104.000000, 105.000000 
106.000000, 107.000000 
108.000000, 109.000000 
110.000000, 111.000000 
112.000000, 113.000000 
114.000000, 115.000000 
116.000000, 117.000000 
118.000000, 119.000000 
120.000000, 121.000000 
122.000000, 123.000000 
124.000000, 125.000000 
126.000000, 127.000000 
128.000000, 129.000000 
130.000000, 131.000000 
132.000000, 133.000000 
134.000000, 135.000000 
136.000000, 137.000000 
138.000000, 139.000000 
140.000000, 141.000000 
142.000000, 143.000000 
144.000000, 145.000000 
146.000000, 147.000000 
148.000000, 149.000000 
150.000000, 151.000000 
152.000000, 153.000000 
154.000000, 155.000000 
156.000000, 157.000000 
158.000000, 159.000000 
160.000000, 161.000000 
162.000000, 163.000000 
164.000000, 165.000000 
166.000000, 167.000000 
168.000000, 169.000000 
170.000000, 171.000000 
172.000000, 173.000000 
174.000000, 175.000000 
176.000000, 177.000000 
178.000000, 179.000000 
180.000000, 181.000000 
182.000000, 183.000000 
184.000000, 185.000000 
186.000000, 187.000000 
188.000000, 189.000000 
190.000000, 191.000000 
192.000000, 193.000000 
194.000000, 195.000000 
196.000000, 197.000000 
198.000000, 199.000000 
0.500000, 0.615948 
0.736707, 0.846597 
0.926768, 0.957772 
0.926585, 0.839348 
0.727502, 0.611976 
0.498902, 0.411023 
0.348564, 0.333908 
0.359766, 0.413663 
0.511593, 0.616679 
0.731966, 0.846283 
0.928687, 0.965940 
0.944428, 0.873253 
0.758204, 0.637429 
0.525629, 0.432427 
0.352259, 0.307740 
0.303013, 0.357798 
0.443985, 0.543721 
0.664294, 0.780543 
0.884352, 0.952688 
0.960266, 0.901760 
0.800262, 0.681561 
0.552222, 0.445173 
0.352420, 0.288120 
0.264497, 0.292700 
0.343691, 0.430741 
0.525158, 0.637483 
0.760918, 0.881240 
0.946208, 0.955036 
0.908120, 0.815428 
0.687346, 0.575216 
0.459886, 0.362984 
0.305434, 0.252793 
0.253636, 0.287419 
0.328393, 0.415142 
0.503582, 0.611782 
0.725666, 0.850745 
0.934124, 0.963658 
0.920178, 0.835411 
0.702187, 0.584735 
0.455334, 0.357943 
0.270767, 0.220998 
0.198273, 0.199419 
0.216606, 0.257705 
0.337760, 0.439266 
0.562964, 0.686896 
0.806313, 0.912003 
0.945259, 0.896361 
0.785650, 0.642467 
0.511909, 0.398295 
0.316567, 0.232850 
0.179262, 0.154674 
0.126759, 0.130749 
0.168402, 0.229858 
0.296129, 0.373624 
0.492792, 0.612477 
0.754274, 0.879876 
0.951797, 0.965164 
0.906913, 0.796763 
0.657581, 0.537277 
0.434197, 0.350692 
0.274788, 0.226140 
0.186002, 0.168919 
0.167464, 0.202294 
0.237887, 0.311591 
0.397974, 0.507495 
0.622877, 0.751119 
0.864659, 0.937075 
0.944184, 0.883797 
0.759322, 0.616032 
0.486539, 0.385112 
0.296241, 0.235584 
0.179554, 0.150052 
0.140233, 0.155925 
0.188101, 0.235379 
0.311113, 0.391291 
0.491590, 0.616271 
0.747425, 0.860742 
0.944420, 0.954052 
0.896066, 0.787709 
0.662716, 0.534028 
0.416975, 0.323432 
0.247385, 0.191079 
0.154967, 0.116037 
0.086393, 0.080109 
0.096559, 0.122520 
0.145494, 0.180509 
0.244938, 0.324264 
0.419548, 0.526355 
0.646967, 0.779630 
0.893398, 0.955374 
0.952986, 0.885569 
0.779086, 0.651930 
0.520420, 0.415478 
0.323519, 0.242551 
0.180388, 0.135499 
0.105807, 0.091464 
0.095806, 0.105239 
0.134692, 0.178034 
0.225175, 0.283096 
0.371395, 0.464333 

$e_{o}$
0.000000, 1.000000 
2.000000, 3.000000 
4.000000, 5.000000 
6.000000, 7.000000 
8.000000, 9.000000 
10.000000, 11.000000 
12.000000, 13.000000 
14.000000, 15.000000 
16.000000, 17.000000 
18.000000, 19.000000 
20.000000, 21.000000 
22.000000, 23.000000 
24.000000, 25.000000 
26.000000, 27.000000 
28.000000, 29.000000 
30.000000, 31.000000 
32.000000, 33.000000 
34.000000, 35.000000 
36.000000, 37.000000 
38.000000, 39.000000 
40.000000, 41.000000 
42.000000, 43.000000 
44.000000, 45.000000 
46.000000, 47.000000 
48.000000, 49.000000 
50.000000, 51.000000 
52.000000, 53.000000 
54.000000, 55.000000 
56.000000, 57.000000 
58.000000, 59.000000 
60.000000, 61.000000 
62.000000, 63.000000 
64.000000, 65.000000 
66.000000, 67.000000 
68.000000, 69.000000 
70.000000, 71.000000 
72.000000, 73.000000 
74.000000, 75.000000 
76.000000, 77.000000 
78.000000, 79.000000 
80.000000, 81.000000 
82.000000, 83.000000 
84.000000, 85.000000 
86.000000, 87.000000 
88.000000, 89.000000 
90.000000, 91.000000 
92.000000, 93.000000 
94.000000, 95.000000 
96.000000, 97.000000 
98.000000, 99.000000 
100.000000, 101.000000 
102.000000, 103.000000 
104.000000, 105.000000 
106.000000, 107.000000 
108.000000, 109.000000 
110.000000, 111.000000 
112.000000, 113.000000 
114.000000, 115.000000 
116.000000, 117.000000 
118.000000, 119.000000 
120.000000, 121.000000 
122.000000, 123.000000 
124.000000, 125.000000 
126.000000, 127.000000 
128.000000, 129.000000 
130.000000, 131.000000 
132.000000, 133.000000 
134.000000, 135.000000 
136.000000, 137.000000 
138.000000, 139.000000 
140.000000, 141.000000 
142.000000, 143.000000 
144.000000, 145.000000 
146.000000, 147.000000 
148.000000, 149.000000 
150.000000, 151.000000 
152.000000, 153.000000 
154.000000, 155.000000 
156.000000, 157.000000 
158.000000, 159.000000 
160.000000, 161.000000 
162.000000, 163.000000 
164.000000, 165.000000 
166.000000, 167.000000 
168.000000, 169.000000 
170.000000, 171.000000 
172.000000, 173.000000 
174.000000, 175.000000 
176.000000, 177.000000 
178.000000, 179.000000 
180.000000, 181.000000 
182.000000, 183.000000 
184.000000, 185.000000 
186.000000, 187.000000 
188.000000, 189.000000 
190.000000, 191.000000 
192.000000, 193.000000 
194.000000, 195.000000 
196.000000, 197.000000 
198.000000, 199.000000 
0.900000, 0.903745 
0.922941, 0.903220 
0.879676, 0.854507 
0.856929, 0.869897 
0.889607, 0.905972 
0.908258, 0.900019 
0.893583, 0.894326 
0.893594, 0.885772 
0.893293, 0.897809 
0.904800, 0.924249 
0.903001, 0.900450 
0.879853, 0.877885 
0.856560, 0.850379 
0.851174, 0.863849 
0.859361, 0.853513 
0.849078, 0.852619 
0.861430, 0.849094 
0.861047, 0.846136 
0.845959, 0.864908 
0.884699, 0.862369 
0.882144, 0.868742 
0.850255, 0.861922 
0.855497, 0.849243 
0.849441, 0.854280 
0.849464, 0.859081 
0.850926, 0.834464 
0.842295, 0.850541 
0.837224, 0.825278 
0.849652, 0.876918 
0.880578, 0.886120 
0.889903, 0.890925 
0.894982, 0.890034 
0.894778, 0.900079 
0.894160, 0.897344 
0.884736, 0.888190 
0.884744, 0.905785 
0.880104, 0.853772 
0.831713, 0.856581 
0.830222, 0.840783 
0.827446, 0.818220 
0.816355, 0.823918 
0.826552, 0.828107 
0.825277, 0.818123 
0.816101, 0.811724 
0.831364, 0.807549 
0.801510, 0.787877 
0.755819, 0.755292 
0.776758, 0.748913 
0.769211, 0.782851 
0.792785, 0.788531 
0.784172, 0.788090 
0.784555, 0.784561 
0.789323, 0.795467 
0.786837, 0.778789 
0.781412, 0.782279 
0.809639, 0.833633 
0.857906, 0.885046 
0.857166, 0.829901 
0.813814, 0.834596 
0.850726, 0.860880 
0.867829, 0.874469 
0.871497, 0.873041 
0.871335, 0.872829 
0.869641, 0.877242 
0.870606, 0.869006 
0.849801, 0.830501 
0.803685, 0.787826 
0.758988, 0.782018 
0.761015, 0.760707 
0.772916, 0.776630 
0.785462, 0.791187 
0.794366, 0.798652 
0.800089, 0.802640 
0.806289, 0.809473 
0.818647, 0.809627 
0.807787, 0.824943 
0.807283, 0.801626 
0.824657, 0.798883 
0.807830, 0.823943 
0.843223, 0.825520 
0.810565, 0.819059 
0.810868, 0.817070 
0.820408, 0.816960 
0.814945, 0.814645 
0.815221, 0.814757 
0.812093, 0.807387 
0.808868, 0.818553 
0.830564, 0.814702 
0.816374, 0.838286 
0.856861, 0.835384 
0.819340, 0.799455 
0.821445, 0.810016 
0.791421, 0.804129 
0.814685, 0.810143 
0.808400, 0.808239 
0.806245, 0.801963 
0.805581, 0.801670 
0.806455, 0.812171 
0.815205, 0.816027 
0.820504, 0.816415 

